{
 "cells": [
  {
   "cell_type": "markdown",
   "metadata": {},
   "source": [
    "# MNIST EXAMPLE WITH CCNS"
   ]
  },
  {
   "cell_type": "markdown",
   "metadata": {},
   "source": [
    "Copied from https://www.tensorflow.org/tutorials/layers\n"
   ]
  },
  {
   "cell_type": "code",
   "execution_count": 1,
   "metadata": {},
   "outputs": [],
   "source": [
    "#  Copyright 2016 The TensorFlow Authors. All Rights Reserved.\n",
    "#\n",
    "#  Licensed under the Apache License, Version 2.0 (the \"License\");\n",
    "#  you may not use this file except in compliance with the License.\n",
    "#  You may obtain a copy of the License at\n",
    "#\n",
    "#   http://www.apache.org/licenses/LICENSE-2.0\n",
    "#\n",
    "#  Unless required by applicable law or agreed to in writing, software\n",
    "#  distributed under the License is distributed on an \"AS IS\" BASIS,\n",
    "#  WITHOUT WARRANTIES OR CONDITIONS OF ANY KIND, either express or implied.\n",
    "#  See the License for the specific language governing permissions and\n",
    "#  limitations under the License.\n",
    "\"\"\"Convolutional Neural Network Estimator for MNIST, built with tf.layers.\"\"\"\n",
    "\n",
    "from __future__ import absolute_import\n",
    "from __future__ import division\n",
    "from __future__ import print_function\n",
    "\n",
    "import numpy as np\n",
    "import tensorflow as tf\n",
    "\n",
    "tf.logging.set_verbosity(tf.logging.INFO)"
   ]
  },
  {
   "cell_type": "code",
   "execution_count": 2,
   "metadata": {},
   "outputs": [],
   "source": [
    "def cnn_model_fn(features, labels, mode):\n",
    "  \"\"\"Model function for CNN.\"\"\"\n",
    "  # Input Layer\n",
    "  # Reshape X to 4-D tensor: [batch_size, width, height, channels]\n",
    "  # MNIST images are 28x28 pixels, and have one color channel\n",
    "  input_layer = tf.reshape(features[\"x\"], [-1, 28, 28, 1])\n",
    "\n",
    "  # Convolutional Layer #1\n",
    "  # Computes 32 features using a 5x5 filter with ReLU activation.\n",
    "  # Padding is added to preserve width and height.\n",
    "  # Input Tensor Shape: [batch_size, 28, 28, 1]\n",
    "  # Output Tensor Shape: [batch_size, 28, 28, 32]\n",
    "  conv1 = tf.layers.conv2d(\n",
    "      inputs=input_layer,\n",
    "      filters=32,\n",
    "      kernel_size=[5, 5],\n",
    "      padding=\"same\",\n",
    "      activation=tf.nn.relu)\n",
    "\n",
    "  # Pooling Layer #1\n",
    "  # First max pooling layer with a 2x2 filter and stride of 2\n",
    "  # Input Tensor Shape: [batch_size, 28, 28, 32]\n",
    "  # Output Tensor Shape: [batch_size, 14, 14, 32]\n",
    "  pool1 = tf.layers.max_pooling2d(inputs=conv1, pool_size=[2, 2], strides=2)\n",
    "\n",
    "  # Convolutional Layer #2\n",
    "  # Computes 64 features using a 5x5 filter.\n",
    "  # Padding is added to preserve width and height.\n",
    "  # Input Tensor Shape: [batch_size, 14, 14, 32]\n",
    "  # Output Tensor Shape: [batch_size, 14, 14, 64]\n",
    "  conv2 = tf.layers.conv2d(\n",
    "      inputs=pool1,\n",
    "      filters=64,\n",
    "      kernel_size=[5, 5],\n",
    "      padding=\"same\",\n",
    "      activation=tf.nn.relu)\n",
    "\n",
    "  # Pooling Layer #2\n",
    "  # Second max pooling layer with a 2x2 filter and stride of 2\n",
    "  # Input Tensor Shape: [batch_size, 14, 14, 64]\n",
    "  # Output Tensor Shape: [batch_size, 7, 7, 64]\n",
    "  pool2 = tf.layers.max_pooling2d(inputs=conv2, pool_size=[2, 2], strides=2)\n",
    "\n",
    "  # Flatten tensor into a batch of vectors\n",
    "  # Input Tensor Shape: [batch_size, 7, 7, 64]\n",
    "  # Output Tensor Shape: [batch_size, 7 * 7 * 64]\n",
    "  pool2_flat = tf.reshape(pool2, [-1, 7 * 7 * 64])\n",
    "\n",
    "  # Dense Layer\n",
    "  # Densely connected layer with 1024 neurons\n",
    "  # Input Tensor Shape: [batch_size, 7 * 7 * 64]\n",
    "  # Output Tensor Shape: [batch_size, 1024]\n",
    "  dense = tf.layers.dense(inputs=pool2_flat, units=1024, activation=tf.nn.relu)\n",
    "\n",
    "  # Add dropout operation; 0.6 probability that element will be kept\n",
    "  dropout = tf.layers.dropout(\n",
    "      inputs=dense, rate=0.4, training=mode == tf.estimator.ModeKeys.TRAIN)\n",
    "\n",
    "  # Logits layer\n",
    "  # Input Tensor Shape: [batch_size, 1024]\n",
    "  # Output Tensor Shape: [batch_size, 10]\n",
    "  logits = tf.layers.dense(inputs=dropout, units=10)\n",
    "\n",
    "  predictions = {\n",
    "      # Generate predictions (for PREDICT and EVAL mode)\n",
    "      \"classes\": tf.argmax(input=logits, axis=1),\n",
    "      # Add `softmax_tensor` to the graph. It is used for PREDICT and by the\n",
    "      # `logging_hook`.\n",
    "      \"probabilities\": tf.nn.softmax(logits, name=\"softmax_tensor\")\n",
    "  }\n",
    "  if mode == tf.estimator.ModeKeys.PREDICT:\n",
    "    return tf.estimator.EstimatorSpec(mode=mode, predictions=predictions)\n",
    "\n",
    "  # Calculate Loss (for both TRAIN and EVAL modes)\n",
    "  loss = tf.losses.sparse_softmax_cross_entropy(labels=labels, logits=logits)\n",
    "\n",
    "  # Configure the Training Op (for TRAIN mode)\n",
    "  if mode == tf.estimator.ModeKeys.TRAIN:\n",
    "    optimizer = tf.train.GradientDescentOptimizer(learning_rate=0.001)\n",
    "    train_op = optimizer.minimize(\n",
    "        loss=loss,\n",
    "        global_step=tf.train.get_global_step())\n",
    "    return tf.estimator.EstimatorSpec(mode=mode, loss=loss, train_op=train_op)\n",
    "\n",
    "  # Add evaluation metrics (for EVAL mode)\n",
    "  eval_metric_ops = {\n",
    "      \"accuracy\": tf.metrics.accuracy(\n",
    "          labels=labels, predictions=predictions[\"classes\"])}\n",
    "  return tf.estimator.EstimatorSpec(\n",
    "      mode=mode, loss=loss, eval_metric_ops=eval_metric_ops)"
   ]
  },
  {
   "cell_type": "code",
   "execution_count": 3,
   "metadata": {},
   "outputs": [
    {
     "name": "stdout",
     "output_type": "stream",
     "text": [
      "WARNING:tensorflow:From <ipython-input-3-aa9e7a7f2d02>:3: load_dataset (from tensorflow.contrib.learn.python.learn.datasets) is deprecated and will be removed in a future version.\n",
      "Instructions for updating:\n",
      "Please use tf.data.\n",
      "WARNING:tensorflow:From /home/lugal/.local/lib/python2.7/site-packages/tensorflow/contrib/learn/python/learn/datasets/__init__.py:80: load_mnist (from tensorflow.contrib.learn.python.learn.datasets.mnist) is deprecated and will be removed in a future version.\n",
      "Instructions for updating:\n",
      "Please use alternatives such as official/mnist/dataset.py from tensorflow/models.\n",
      "WARNING:tensorflow:From /home/lugal/.local/lib/python2.7/site-packages/tensorflow/contrib/learn/python/learn/datasets/mnist.py:300: read_data_sets (from tensorflow.contrib.learn.python.learn.datasets.mnist) is deprecated and will be removed in a future version.\n",
      "Instructions for updating:\n",
      "Please use alternatives such as official/mnist/dataset.py from tensorflow/models.\n",
      "WARNING:tensorflow:From /home/lugal/.local/lib/python2.7/site-packages/tensorflow/contrib/learn/python/learn/datasets/mnist.py:260: maybe_download (from tensorflow.contrib.learn.python.learn.datasets.base) is deprecated and will be removed in a future version.\n",
      "Instructions for updating:\n",
      "Please write your own downloading logic.\n",
      "WARNING:tensorflow:From /home/lugal/.local/lib/python2.7/site-packages/tensorflow/contrib/learn/python/learn/datasets/base.py:252: wrapped_fn (from tensorflow.contrib.learn.python.learn.datasets.base) is deprecated and will be removed in a future version.\n",
      "Instructions for updating:\n",
      "Please use urllib or similar directly.\n",
      "Successfully downloaded train-images-idx3-ubyte.gz 9912422 bytes.\n",
      "WARNING:tensorflow:From /home/lugal/.local/lib/python2.7/site-packages/tensorflow/contrib/learn/python/learn/datasets/mnist.py:262: extract_images (from tensorflow.contrib.learn.python.learn.datasets.mnist) is deprecated and will be removed in a future version.\n",
      "Instructions for updating:\n",
      "Please use tf.data to implement this functionality.\n",
      "Extracting MNIST-data/train-images-idx3-ubyte.gz\n",
      "Successfully downloaded train-labels-idx1-ubyte.gz 28881 bytes.\n",
      "WARNING:tensorflow:From /home/lugal/.local/lib/python2.7/site-packages/tensorflow/contrib/learn/python/learn/datasets/mnist.py:267: extract_labels (from tensorflow.contrib.learn.python.learn.datasets.mnist) is deprecated and will be removed in a future version.\n",
      "Instructions for updating:\n",
      "Please use tf.data to implement this functionality.\n",
      "Extracting MNIST-data/train-labels-idx1-ubyte.gz\n",
      "Successfully downloaded t10k-images-idx3-ubyte.gz 1648877 bytes.\n",
      "Extracting MNIST-data/t10k-images-idx3-ubyte.gz\n",
      "Successfully downloaded t10k-labels-idx1-ubyte.gz 4542 bytes.\n",
      "Extracting MNIST-data/t10k-labels-idx1-ubyte.gz\n",
      "WARNING:tensorflow:From /home/lugal/.local/lib/python2.7/site-packages/tensorflow/contrib/learn/python/learn/datasets/mnist.py:290: __init__ (from tensorflow.contrib.learn.python.learn.datasets.mnist) is deprecated and will be removed in a future version.\n",
      "Instructions for updating:\n",
      "Please use alternatives such as official/mnist/dataset.py from tensorflow/models.\n",
      "INFO:tensorflow:Using default config.\n",
      "INFO:tensorflow:Using config: {'_save_checkpoints_secs': 600, '_session_config': None, '_keep_checkpoint_max': 5, '_task_type': 'worker', '_train_distribute': None, '_is_chief': True, '_cluster_spec': <tensorflow.python.training.server_lib.ClusterSpec object at 0x7f8da0481d10>, '_evaluation_master': '', '_save_checkpoints_steps': None, '_keep_checkpoint_every_n_hours': 10000, '_service': None, '_num_ps_replicas': 0, '_tf_random_seed': None, '_master': '', '_num_worker_replicas': 1, '_task_id': 0, '_log_step_count_steps': 100, '_model_dir': '/tmp/mnist_convnet_model', '_global_id_in_cluster': 0, '_save_summary_steps': 100}\n",
      "INFO:tensorflow:Calling model_fn.\n",
      "INFO:tensorflow:Done calling model_fn.\n",
      "INFO:tensorflow:Create CheckpointSaverHook.\n",
      "INFO:tensorflow:Graph was finalized.\n",
      "INFO:tensorflow:Running local_init_op.\n",
      "INFO:tensorflow:Done running local_init_op.\n",
      "INFO:tensorflow:Saving checkpoints for 1 into /tmp/mnist_convnet_model/model.ckpt.\n",
      "INFO:tensorflow:probabilities = [[0.12947342 0.0970094  0.09019925 0.09316374 0.10277251 0.09574626\n",
      "  0.09248863 0.09745412 0.10338141 0.09831119]\n",
      " [0.11394797 0.10210723 0.09934602 0.11704077 0.10441507 0.09376132\n",
      "  0.08650343 0.09524626 0.09235829 0.09527366]\n",
      " [0.11026149 0.090224   0.09593651 0.10184693 0.10125246 0.09211657\n",
      "  0.09494445 0.09595351 0.10532487 0.11213919]\n",
      " [0.11993777 0.09132382 0.0974686  0.10515725 0.10311448 0.08388259\n",
      "  0.1017068  0.10112341 0.10458227 0.09170304]\n",
      " [0.13201743 0.09676673 0.08929193 0.10960085 0.09798665 0.08388697\n",
      "  0.09974864 0.09652063 0.0897276  0.10445261]\n",
      " [0.12137586 0.10177112 0.08698721 0.11440115 0.09642952 0.08734459\n",
      "  0.09504226 0.09968549 0.09693016 0.10003263]\n",
      " [0.12495679 0.08063383 0.09709439 0.09214417 0.11023501 0.09262183\n",
      "  0.08944084 0.10028036 0.10298738 0.10960534]\n",
      " [0.11521497 0.08528229 0.10228556 0.10037104 0.09779747 0.09184798\n",
      "  0.09627721 0.09466942 0.09846132 0.11779267]\n",
      " [0.13015942 0.09195233 0.08714215 0.08976332 0.09891839 0.09566908\n",
      "  0.0998835  0.09157788 0.11315154 0.10178241]\n",
      " [0.11118696 0.09741759 0.09492169 0.09715667 0.09818836 0.10086676\n",
      "  0.09670049 0.09849446 0.09932021 0.10574679]\n",
      " [0.12107234 0.09224676 0.10110255 0.10428402 0.09732813 0.09805656\n",
      "  0.09146418 0.10274725 0.10335272 0.08834557]\n",
      " [0.13338149 0.0881606  0.09104722 0.11173059 0.09131033 0.08655436\n",
      "  0.10204202 0.08585382 0.10741396 0.10250556]\n",
      " [0.11806887 0.09920987 0.09477757 0.1044915  0.10297212 0.08215387\n",
      "  0.10276598 0.09679507 0.09055553 0.10820962]\n",
      " [0.12671126 0.10426071 0.08877784 0.11692405 0.0850067  0.08774803\n",
      "  0.10150005 0.09697807 0.08926711 0.10282618]\n",
      " [0.12705198 0.0985852  0.10067144 0.09769695 0.09562354 0.08029044\n",
      "  0.08986609 0.11060435 0.10320285 0.09640713]\n",
      " [0.1388499  0.09107162 0.10480678 0.09700366 0.08567803 0.09580082\n",
      "  0.08885945 0.09611909 0.10505968 0.09675097]\n",
      " [0.1105966  0.0860146  0.08879619 0.11084888 0.10461081 0.08645286\n",
      "  0.10783233 0.09418056 0.10842712 0.10224001]\n",
      " [0.12489126 0.08452772 0.10290135 0.113855   0.08303957 0.08383423\n",
      "  0.09946548 0.09135447 0.11494814 0.10118283]\n",
      " [0.10341332 0.1038224  0.09020358 0.10416239 0.09628908 0.07685345\n",
      "  0.09341625 0.11084478 0.10467619 0.11631849]\n",
      " [0.1336609  0.08432085 0.08405689 0.12091488 0.10791893 0.08564726\n",
      "  0.09560961 0.0851754  0.11493481 0.08776049]\n",
      " [0.11050752 0.10083987 0.09749541 0.10171328 0.09702346 0.09100589\n",
      "  0.09558586 0.1012716  0.10244819 0.10210895]\n",
      " [0.11235068 0.0900204  0.1046655  0.10615475 0.0904452  0.09179974\n",
      "  0.09301537 0.09522809 0.10718574 0.10913456]\n",
      " [0.11060015 0.10441989 0.09772228 0.10075778 0.09754146 0.08935413\n",
      "  0.09754191 0.10344441 0.09419512 0.10442294]\n",
      " [0.1236054  0.11305467 0.08997019 0.08798767 0.0879072  0.10063374\n",
      "  0.10086432 0.09160771 0.10328258 0.10108649]\n",
      " [0.12000345 0.09004352 0.0881758  0.10661079 0.10670571 0.09367181\n",
      "  0.07764904 0.09817328 0.10492649 0.11404014]\n",
      " [0.10841264 0.09135081 0.08578894 0.11515015 0.10366957 0.08785825\n",
      "  0.0973553  0.09437122 0.10568934 0.11035376]\n",
      " [0.10420295 0.10701983 0.09655973 0.09440111 0.10298912 0.09508444\n",
      "  0.10035428 0.0966472  0.10132858 0.10141272]\n",
      " [0.10026625 0.10940668 0.08194792 0.10226545 0.09186259 0.08915703\n",
      "  0.10472766 0.10257763 0.11529521 0.10249355]\n",
      " [0.10596745 0.09934672 0.0925437  0.10044562 0.12011151 0.09211628\n",
      "  0.09015685 0.09526367 0.10868562 0.09536256]\n",
      " [0.11869065 0.09877916 0.08443336 0.10924807 0.10018436 0.10172728\n",
      "  0.09331198 0.09400173 0.09806859 0.10155484]\n",
      " [0.13101904 0.10434728 0.09315328 0.10086165 0.08196397 0.10412985\n",
      "  0.10615631 0.09387559 0.09162596 0.09286704]\n",
      " [0.11550414 0.08410405 0.09501039 0.09706415 0.1076487  0.09562414\n",
      "  0.08881987 0.09861746 0.1071253  0.11048187]\n",
      " [0.11351071 0.09337615 0.09981103 0.10697114 0.09905323 0.08757637\n",
      "  0.10645868 0.08483903 0.10291157 0.10549208]\n",
      " [0.10761911 0.08535784 0.09805667 0.09110599 0.09712409 0.09236635\n",
      "  0.10172606 0.10008513 0.10746767 0.11909104]\n",
      " [0.11397149 0.09591004 0.0927666  0.10235042 0.10068295 0.10261013\n",
      "  0.10212739 0.08865778 0.09846681 0.1024564 ]\n",
      " [0.1234231  0.08393419 0.09986936 0.10166349 0.09303325 0.10486072\n",
      "  0.08861445 0.09542004 0.10541461 0.10376678]\n",
      " [0.11717086 0.09566952 0.08698407 0.10832892 0.10812704 0.09323732\n",
      "  0.09619441 0.08786536 0.10101765 0.10540482]\n",
      " [0.12819691 0.09850554 0.09846038 0.11389731 0.10196263 0.10120397\n",
      "  0.08542601 0.08755456 0.08938222 0.09541048]\n",
      " [0.12314083 0.08820089 0.09893055 0.10399093 0.09737029 0.09112965\n",
      "  0.09423473 0.09702779 0.10011819 0.10585612]\n",
      " [0.13380912 0.08948248 0.0914852  0.10892374 0.09713422 0.08619893\n",
      "  0.09788249 0.09187125 0.10481732 0.09839533]\n",
      " [0.11712957 0.09891511 0.09019988 0.10599904 0.09425317 0.09382272\n",
      "  0.09972444 0.09776191 0.09779387 0.1044004 ]\n",
      " [0.13091187 0.08404705 0.09361519 0.10411036 0.09480245 0.10189405\n",
      "  0.1011954  0.09330386 0.10126557 0.09485421]\n",
      " [0.14372475 0.09266628 0.09367574 0.11655675 0.10561277 0.09367473\n",
      "  0.09810123 0.08146189 0.09512173 0.07940417]\n",
      " [0.10991271 0.08898548 0.09201497 0.10479448 0.10245038 0.08948786\n",
      "  0.1028635  0.09323648 0.10192739 0.1143267 ]\n",
      " [0.136822   0.09837621 0.09410199 0.09580655 0.09795181 0.0843405\n",
      "  0.09800492 0.10030405 0.10145675 0.09283527]\n",
      " [0.10530114 0.09200431 0.08415889 0.10371488 0.10734188 0.0885044\n",
      "  0.08710108 0.10202388 0.10339808 0.12645139]\n",
      " [0.12430241 0.09935204 0.0927661  0.1085211  0.10159096 0.08788668\n",
      "  0.08904838 0.09319986 0.10674267 0.09658983]\n",
      " [0.11502998 0.09878007 0.09575359 0.11522914 0.09422325 0.08857287\n",
      "  0.08774239 0.10939203 0.09359868 0.10167796]\n",
      " [0.11244038 0.10265536 0.09638388 0.10468171 0.1003688  0.09346916\n",
      "  0.09854854 0.10118315 0.0911534  0.09911568]\n",
      " [0.11172719 0.11406622 0.09701727 0.09652416 0.10378316 0.08832509\n",
      "  0.08973303 0.09187141 0.10355657 0.10339592]\n",
      " [0.10405036 0.12187354 0.093019   0.10814241 0.10373108 0.08377919\n",
      "  0.08671225 0.09092233 0.10323016 0.10453969]\n",
      " [0.127225   0.08991285 0.09512925 0.10801741 0.09203429 0.10391988\n",
      "  0.09171946 0.08106112 0.11525105 0.09572962]\n",
      " [0.13389295 0.08528093 0.09326109 0.09834696 0.1002946  0.0960843\n",
      "  0.09151033 0.10649449 0.09138806 0.10344626]\n",
      " [0.12387595 0.10043132 0.09453871 0.10897785 0.09002028 0.08162487\n",
      "  0.09595744 0.10337905 0.10885987 0.09233464]\n",
      " [0.12280481 0.08566242 0.09372731 0.10284483 0.11774886 0.10181195\n",
      "  0.09395256 0.08470266 0.09829029 0.09845432]\n",
      " [0.11903401 0.08923696 0.09742522 0.09611395 0.10106225 0.08584003\n",
      "  0.1038586  0.09330543 0.11635622 0.09776735]\n",
      " [0.11869141 0.09842756 0.09851481 0.10223336 0.10750125 0.08126024\n",
      "  0.08010533 0.09873485 0.10474955 0.10978162]\n",
      " [0.13058315 0.10522947 0.09353776 0.11167914 0.11411555 0.088814\n",
      "  0.07130112 0.08882523 0.08613532 0.10977936]\n",
      " [0.1181807  0.09451532 0.09875903 0.10761901 0.10387119 0.08480237\n",
      "  0.10039152 0.09352767 0.09560326 0.10272986]\n",
      " [0.12661843 0.08553881 0.09131826 0.11106709 0.09347182 0.08084383\n",
      "  0.09095857 0.10270095 0.10849994 0.10898226]\n",
      " [0.10978688 0.0895983  0.1059494  0.11253601 0.08936714 0.0872888\n",
      "  0.09730577 0.09585104 0.09689328 0.11542339]\n",
      " [0.12901719 0.07665572 0.08724516 0.10124701 0.09384597 0.09910284\n",
      "  0.1001083  0.0928664  0.10933651 0.11057499]\n",
      " [0.12020161 0.08318329 0.10740614 0.10913964 0.09350806 0.09790578\n",
      "  0.09412968 0.08402902 0.09681164 0.11368519]\n",
      " [0.1185791  0.10334424 0.0921884  0.10229431 0.10600571 0.0866835\n",
      "  0.10319062 0.09809209 0.0913375  0.09828451]\n",
      " [0.11566091 0.09593088 0.09651195 0.09703463 0.09731505 0.08342692\n",
      "  0.0942727  0.10641988 0.11137011 0.10205692]\n",
      " [0.12379628 0.0916301  0.08645614 0.11798066 0.09130128 0.09100346\n",
      "  0.10768986 0.10473277 0.08918074 0.09622866]\n",
      " [0.11597474 0.09356173 0.08433386 0.09785581 0.08490453 0.10312677\n",
      "  0.11270624 0.10260203 0.09667651 0.10825776]\n",
      " [0.1214515  0.09354847 0.10068767 0.1143958  0.10223509 0.09213595\n",
      "  0.08548037 0.09574847 0.10104237 0.09327433]\n",
      " [0.12383833 0.09531559 0.09198315 0.10841551 0.11298541 0.08540902\n",
      "  0.08045325 0.1059074  0.09859617 0.09709618]\n",
      " [0.12394382 0.08949596 0.08900438 0.11293565 0.09683281 0.08425384\n",
      "  0.10497387 0.10076045 0.09745732 0.10034188]\n",
      " [0.12480813 0.10228788 0.09035487 0.09781551 0.10677173 0.0957537\n",
      "  0.08933583 0.09327412 0.10113347 0.09846484]\n",
      " [0.12598981 0.08495416 0.09331433 0.10767809 0.08867621 0.090874\n",
      "  0.10994762 0.08854806 0.10630207 0.10371558]\n",
      " [0.13064058 0.09453586 0.10205556 0.09484955 0.10548899 0.08984748\n",
      "  0.09558615 0.09130035 0.0856919  0.11000355]\n",
      " [0.12747192 0.09098563 0.08546036 0.09978376 0.09111322 0.10048143\n",
      "  0.10424948 0.10180458 0.09824873 0.10040095]\n",
      " [0.11320663 0.09501292 0.09618411 0.09837246 0.0981435  0.09308109\n",
      "  0.0950052  0.10270405 0.10093922 0.10735077]\n",
      " [0.1261216  0.09844404 0.08964862 0.10475672 0.10125928 0.09073519\n",
      "  0.10304523 0.08521614 0.10118998 0.09958317]\n",
      " [0.14908573 0.09108121 0.08508311 0.10325109 0.10250373 0.08621614\n",
      "  0.09372608 0.08832081 0.10732832 0.09340381]\n",
      " [0.12417109 0.08689969 0.09836178 0.10081901 0.09877682 0.07814304\n",
      "  0.10113429 0.09822432 0.1124555  0.10101446]\n",
      " [0.11005204 0.10199149 0.09652473 0.09711389 0.11045011 0.0947062\n",
      "  0.09650935 0.09112874 0.10140188 0.10012159]\n",
      " [0.123478   0.10057028 0.09704071 0.09944955 0.09117372 0.08140913\n",
      "  0.11198951 0.10352881 0.095139   0.09622129]\n",
      " [0.12457267 0.09456233 0.09680264 0.10151524 0.0940114  0.09468555\n",
      "  0.10358196 0.09115916 0.10376523 0.09534374]\n",
      " [0.11021589 0.09113298 0.10066768 0.1029416  0.10904123 0.08488716\n",
      "  0.0928354  0.09565032 0.0989065  0.11372126]\n",
      " [0.1115337  0.09333445 0.09421697 0.09476547 0.09910294 0.09729665\n",
      "  0.09376555 0.10108897 0.11184868 0.10304657]\n",
      " [0.1108589  0.11095521 0.08878148 0.10411739 0.09637719 0.09238307\n",
      "  0.09658448 0.11059349 0.09324706 0.09610175]\n",
      " [0.12614365 0.0864885  0.09643655 0.09380373 0.10102093 0.09148233\n",
      "  0.09502811 0.0984745  0.10741907 0.1037027 ]\n",
      " [0.11874193 0.09686439 0.09794395 0.09450572 0.11040044 0.10560972\n",
      "  0.09283795 0.08994173 0.10015371 0.09300055]\n",
      " [0.11407912 0.09571543 0.10151797 0.11104838 0.08210045 0.09537275\n",
      "  0.09270574 0.10285687 0.1099537  0.09464958]\n",
      " [0.13654824 0.0906124  0.08370765 0.10496291 0.09205802 0.08973083\n",
      "  0.10886522 0.09243836 0.09398191 0.10709443]\n",
      " [0.12438885 0.10225333 0.08430093 0.09675163 0.11240175 0.08734512\n",
      "  0.10009998 0.10196097 0.10176729 0.08873016]\n",
      " [0.12933874 0.08711808 0.0978109  0.09639346 0.08988278 0.09291845\n",
      "  0.09797566 0.09267538 0.10761633 0.10827027]\n",
      " [0.13935325 0.09136511 0.10008644 0.0973848  0.08798506 0.09454174\n",
      "  0.10040971 0.09251506 0.11155772 0.08480118]\n",
      " [0.11986841 0.09668741 0.09096073 0.10778151 0.09776516 0.09162663\n",
      "  0.09768595 0.09861903 0.10548513 0.09352008]\n",
      " [0.13184536 0.09098265 0.08025313 0.09999099 0.10676029 0.08910975\n",
      "  0.10875398 0.09172559 0.09088713 0.10969117]\n",
      " [0.12199797 0.10012642 0.087089   0.10693729 0.09161098 0.08896809\n",
      "  0.10795221 0.09553481 0.10195121 0.09783197]\n",
      " [0.12365571 0.09642146 0.08851629 0.10370256 0.09185751 0.09739038\n",
      "  0.09974529 0.09563152 0.09974052 0.10333878]\n",
      " [0.1134667  0.10069203 0.10308977 0.10410068 0.09099657 0.10169342\n",
      "  0.10877627 0.08900172 0.09559555 0.09258723]\n",
      " [0.12038609 0.10360392 0.1041259  0.11481196 0.10604064 0.08254264\n",
      "  0.08738785 0.08696596 0.10086162 0.09327342]\n",
      " [0.14199807 0.08629388 0.09184581 0.11096938 0.09259909 0.09964933\n",
      "  0.09747233 0.08964552 0.09635399 0.09317259]\n",
      " [0.10762059 0.08879827 0.09378137 0.1025289  0.09618424 0.10406486\n",
      "  0.10643307 0.09836453 0.10084396 0.10138025]\n",
      " [0.11764053 0.09956364 0.08518846 0.09416429 0.11657646 0.08557954\n",
      "  0.10119096 0.09478406 0.09904893 0.10626318]]\n"
     ]
    },
    {
     "name": "stdout",
     "output_type": "stream",
     "text": [
      "INFO:tensorflow:loss = 2.293834, step = 1\n",
      "INFO:tensorflow:probabilities = [[0.1164431  0.10185584 0.09994043 0.09018691 0.10274342 0.08836033\n",
      "  0.09246649 0.09991439 0.10056967 0.10751943]\n",
      " [0.10636708 0.09641965 0.1020744  0.10324452 0.08260914 0.09844325\n",
      "  0.10676502 0.09452686 0.10867199 0.1008781 ]\n",
      " [0.11136676 0.09573934 0.10940053 0.10584095 0.09971002 0.09158053\n",
      "  0.08769882 0.09700176 0.09330786 0.10835344]\n",
      " [0.12937841 0.07215784 0.09627847 0.11951952 0.11124313 0.08882691\n",
      "  0.09512495 0.08471767 0.09899528 0.10375782]\n",
      " [0.12178431 0.09967563 0.08689001 0.09065624 0.10423923 0.08889047\n",
      "  0.09469178 0.09640247 0.11280812 0.10396182]\n",
      " [0.1052901  0.0829621  0.10086337 0.10783698 0.10765781 0.08475407\n",
      "  0.10317975 0.09870654 0.10097744 0.10777178]\n",
      " [0.11617623 0.09764597 0.08870638 0.09797385 0.08975104 0.1068319\n",
      "  0.09545203 0.09221863 0.11774921 0.09749484]\n",
      " [0.11623811 0.09056037 0.09586862 0.09990296 0.10752556 0.08844642\n",
      "  0.10515845 0.09043224 0.10122968 0.10463751]\n",
      " [0.1330441  0.09787489 0.10498623 0.11256504 0.09232405 0.08181562\n",
      "  0.09021451 0.10319995 0.08198585 0.10198972]\n",
      " [0.12898737 0.09256529 0.0921254  0.10392139 0.08889595 0.10061716\n",
      "  0.0926538  0.10341897 0.10870454 0.08811016]\n",
      " [0.11933984 0.0808768  0.11574268 0.11542986 0.09146523 0.09017248\n",
      "  0.08628816 0.08933852 0.10199127 0.10935514]\n",
      " [0.1300318  0.07956401 0.10828707 0.12077912 0.09056702 0.09269961\n",
      "  0.09583642 0.09867468 0.08478225 0.09877802]\n",
      " [0.11945733 0.08884456 0.08830855 0.11421221 0.09898119 0.09904217\n",
      "  0.09988105 0.08488824 0.11587407 0.09051065]\n",
      " [0.1199624  0.08367142 0.10200308 0.10222566 0.1017634  0.09050487\n",
      "  0.10050761 0.09383819 0.09998945 0.10553389]\n",
      " [0.12078735 0.08815848 0.09635714 0.12373004 0.10395901 0.09129477\n",
      "  0.09175768 0.09723829 0.09428468 0.09243251]\n",
      " [0.11399325 0.09089572 0.08809964 0.10710316 0.10541406 0.10141946\n",
      "  0.08868303 0.10222364 0.10741181 0.09475626]\n",
      " [0.10631189 0.08373951 0.1028838  0.10540598 0.10713005 0.1063379\n",
      "  0.09638902 0.09697798 0.09596854 0.0988553 ]\n",
      " [0.1209801  0.09459268 0.085416   0.10801317 0.10712364 0.08146591\n",
      "  0.09096212 0.10408612 0.10420131 0.103159  ]\n",
      " [0.12002566 0.07737056 0.09733745 0.11002403 0.1025737  0.07998205\n",
      "  0.08746997 0.1106056  0.10421994 0.1103911 ]\n",
      " [0.11871665 0.09181196 0.08523446 0.10387602 0.10773574 0.0945688\n",
      "  0.09439283 0.09856047 0.08882301 0.1162801 ]\n",
      " [0.10543378 0.10099336 0.09473386 0.09833138 0.1080974  0.08994986\n",
      "  0.10247893 0.09608594 0.11380276 0.09009282]\n",
      " [0.11857218 0.09911063 0.09443702 0.10892686 0.09307324 0.09394888\n",
      "  0.10181122 0.09252457 0.09771693 0.09987848]\n",
      " [0.12215123 0.09355363 0.09732278 0.10631841 0.09908877 0.10488094\n",
      "  0.08627327 0.0973376  0.0990664  0.09400698]\n",
      " [0.1207957  0.0910396  0.0911474  0.09910353 0.10491826 0.08279943\n",
      "  0.09991902 0.09488148 0.11596431 0.0994313 ]\n",
      " [0.11876808 0.09556373 0.10157023 0.11148951 0.10283438 0.08710264\n",
      "  0.08193833 0.08511362 0.11954325 0.09607621]\n",
      " [0.11211158 0.08200172 0.09685782 0.10904352 0.09459179 0.08912592\n",
      "  0.0965606  0.09796328 0.11016261 0.11158108]\n",
      " [0.11932461 0.08954629 0.09473267 0.10258659 0.1054249  0.08603156\n",
      "  0.09457187 0.10917543 0.10298177 0.09562431]\n",
      " [0.13676077 0.09341793 0.1049652  0.10395946 0.10006086 0.08820029\n",
      "  0.08936463 0.09214528 0.09273667 0.09838887]\n",
      " [0.10616921 0.09690197 0.08718846 0.10185093 0.09647011 0.09121636\n",
      "  0.08991797 0.10146545 0.11577896 0.11304063]\n",
      " [0.10929514 0.10058371 0.09207485 0.1030084  0.09919146 0.10163708\n",
      "  0.10031169 0.09680784 0.10142882 0.09566097]\n",
      " [0.13353957 0.10435926 0.08259479 0.09662487 0.09373251 0.09572233\n",
      "  0.09729229 0.09251108 0.10155725 0.10206601]\n",
      " [0.11883418 0.10344563 0.08927055 0.09989643 0.10731906 0.08738443\n",
      "  0.09898114 0.08969437 0.10165042 0.10352382]\n",
      " [0.10129601 0.09639008 0.09649788 0.09848703 0.10510182 0.0905138\n",
      "  0.08925197 0.10867806 0.10924592 0.10453749]\n",
      " [0.1168646  0.07638805 0.09964261 0.10736319 0.09378726 0.09474248\n",
      "  0.09452384 0.0912022  0.11730129 0.10818451]\n",
      " [0.11128256 0.09945479 0.08582017 0.09935506 0.1108565  0.09697556\n",
      "  0.10412589 0.09171266 0.09559877 0.10481798]\n",
      " [0.11870357 0.09046448 0.10188223 0.09601285 0.09933589 0.09878773\n",
      "  0.08800336 0.11576498 0.09492958 0.09611541]\n",
      " [0.11626814 0.09664129 0.10746601 0.11034258 0.0983736  0.09106953\n",
      "  0.09407024 0.09289087 0.10733698 0.08554074]\n",
      " [0.10887007 0.09244074 0.09138821 0.10636988 0.09967156 0.09560996\n",
      "  0.08933234 0.10231038 0.11723801 0.09676878]\n",
      " [0.12665695 0.09205848 0.09334448 0.10434172 0.09857675 0.09210655\n",
      "  0.10090017 0.09055824 0.09130202 0.11015465]\n",
      " [0.11692739 0.09231377 0.08563711 0.12059681 0.10728352 0.09589189\n",
      "  0.10252942 0.08354615 0.09769915 0.09757481]\n",
      " [0.12399986 0.0977012  0.09848814 0.09760994 0.10717764 0.08916789\n",
      "  0.09144909 0.09672864 0.10354157 0.094136  ]\n",
      " [0.12330512 0.10683656 0.09106655 0.1087516  0.09716062 0.08426694\n",
      "  0.09310879 0.09825905 0.09944551 0.09779924]\n",
      " [0.11274452 0.07490887 0.09772152 0.11064166 0.09534556 0.08864008\n",
      "  0.11217385 0.09268355 0.10176717 0.11337324]\n",
      " [0.12266634 0.07778952 0.09712303 0.1079305  0.09989212 0.1018176\n",
      "  0.08865595 0.08283626 0.10683779 0.11445094]\n",
      " [0.120273   0.09760505 0.08094129 0.10459281 0.09514712 0.0948447\n",
      "  0.10312421 0.10563435 0.09830918 0.09952823]\n",
      " [0.10904501 0.09723677 0.10031034 0.11358953 0.09582332 0.09625619\n",
      "  0.09642107 0.09653015 0.09591514 0.09887248]\n",
      " [0.12535776 0.09239276 0.10794311 0.10813246 0.09593379 0.09324505\n",
      "  0.09152691 0.09648727 0.09662592 0.09235503]\n",
      " [0.12612514 0.09752741 0.09143067 0.09854499 0.09442548 0.08949106\n",
      "  0.09459512 0.0997896  0.10711675 0.10095382]\n",
      " [0.11500954 0.08760552 0.1022585  0.09682854 0.11121423 0.08348738\n",
      "  0.0902995  0.10396882 0.10271727 0.10661072]\n",
      " [0.12168592 0.09977663 0.08477858 0.09199082 0.09727179 0.08773769\n",
      "  0.10418389 0.10107709 0.10553932 0.10595822]\n",
      " [0.12296292 0.10349037 0.09086826 0.10653581 0.09115093 0.09987879\n",
      "  0.09823307 0.08925907 0.09955963 0.0980612 ]\n",
      " [0.12370526 0.1016442  0.0850828  0.09990563 0.09812512 0.08243553\n",
      "  0.10407701 0.10495274 0.09407786 0.10599387]\n",
      " [0.11527181 0.08127961 0.09614882 0.0992949  0.096475   0.08611291\n",
      "  0.10067824 0.10663059 0.11844732 0.09966084]\n",
      " [0.11282355 0.09163287 0.10411805 0.11895769 0.1019759  0.08989292\n",
      "  0.0983698  0.08121742 0.10421439 0.09679738]\n",
      " [0.11202526 0.09755874 0.09399195 0.09842918 0.09842011 0.09221986\n",
      "  0.09576739 0.10045815 0.11481187 0.0963174 ]\n",
      " [0.11343186 0.103985   0.08813487 0.11313351 0.10080554 0.09014324\n",
      "  0.10017971 0.10009135 0.09723612 0.09285881]\n",
      " [0.10011372 0.0960868  0.09383778 0.12457512 0.09289595 0.08654721\n",
      "  0.09775272 0.09978337 0.11276384 0.09564354]\n",
      " [0.11709295 0.09485815 0.08548413 0.1273637  0.10356691 0.09477001\n",
      "  0.08349355 0.08406755 0.10952388 0.0997791 ]\n",
      " [0.11378149 0.09058003 0.09485778 0.09504052 0.09625837 0.09183723\n",
      "  0.09486181 0.11048242 0.09129686 0.12100352]\n",
      " [0.11665307 0.08806606 0.10564259 0.10069272 0.10005534 0.0941697\n",
      "  0.10452495 0.09232073 0.09300567 0.10486915]\n",
      " [0.13589895 0.08353834 0.09183656 0.10556888 0.11148968 0.0824944\n",
      "  0.08672751 0.09544184 0.10713417 0.09986972]\n",
      " [0.11346678 0.09835086 0.09999187 0.10923644 0.09176233 0.09695629\n",
      "  0.09003864 0.09765039 0.10452665 0.09801971]\n",
      " [0.14122978 0.08194961 0.09351312 0.0938666  0.09748396 0.09521245\n",
      "  0.09463818 0.09363356 0.11135984 0.09711289]\n",
      " [0.11003669 0.09960903 0.09353832 0.09231941 0.10327241 0.09040938\n",
      "  0.1034528  0.10708634 0.0998603  0.10041531]\n",
      " [0.12449668 0.10052482 0.08774339 0.10340685 0.0874081  0.09546901\n",
      "  0.10105091 0.10038538 0.10299581 0.09651905]\n",
      " [0.11223118 0.09560715 0.10032918 0.10336923 0.08404124 0.0922414\n",
      "  0.10899051 0.10814407 0.09915615 0.0958899 ]\n",
      " [0.12777793 0.08535928 0.11499353 0.10978795 0.0916639  0.09220785\n",
      "  0.08942878 0.08887431 0.10310368 0.09680282]\n",
      " [0.11510518 0.08824572 0.08773694 0.09972041 0.10862593 0.09184495\n",
      "  0.10177503 0.09599334 0.11563665 0.09531586]\n",
      " [0.11918002 0.10147709 0.09222452 0.10172056 0.10550289 0.09758626\n",
      "  0.10107183 0.08749347 0.09531739 0.09842591]\n",
      " [0.11136441 0.09328616 0.10812289 0.10801434 0.10472488 0.08780892\n",
      "  0.09885558 0.08479026 0.10199708 0.10103545]\n",
      " [0.1171286  0.08601959 0.09012034 0.12204754 0.10176978 0.08807487\n",
      "  0.10697947 0.08546641 0.10287639 0.09951691]\n",
      " [0.11067307 0.091569   0.09952303 0.11764438 0.10498847 0.08484797\n",
      "  0.08172211 0.09752733 0.09566513 0.11583954]\n",
      " [0.1390371  0.08808317 0.09151711 0.09994502 0.09720382 0.09778275\n",
      "  0.07562817 0.09670393 0.10074132 0.11335754]\n",
      " [0.10421039 0.08930694 0.09045745 0.1012955  0.08725999 0.10044164\n",
      "  0.11675716 0.09880679 0.11101896 0.10044511]\n",
      " [0.1244113  0.09425391 0.09837816 0.11012266 0.09574865 0.07835992\n",
      "  0.09600572 0.0963695  0.10716568 0.0991846 ]\n",
      " [0.11337733 0.09970737 0.09256163 0.10588034 0.09904633 0.09445124\n",
      "  0.09417913 0.10646784 0.10560244 0.0887263 ]\n",
      " [0.11869824 0.09679197 0.08891894 0.10263406 0.09968997 0.09024734\n",
      "  0.0980752  0.09472116 0.09812181 0.11210132]\n",
      " [0.12827188 0.07868312 0.09640152 0.10992431 0.10213761 0.0966198\n",
      "  0.10083819 0.09095132 0.1033161  0.09285617]\n",
      " [0.1256583  0.07803825 0.1000402  0.11809134 0.09895384 0.08063211\n",
      "  0.09987198 0.09038793 0.10872582 0.09960019]\n",
      " [0.12275087 0.10122363 0.10228373 0.09355316 0.09319875 0.07833723\n",
      "  0.10623069 0.09860343 0.10480797 0.09901048]\n",
      " [0.10420594 0.09524412 0.09358384 0.10493924 0.10470504 0.08656171\n",
      "  0.08967201 0.0956612  0.12411751 0.10130939]\n",
      " [0.12535466 0.09335188 0.10429115 0.10595503 0.09736169 0.08559101\n",
      "  0.09557127 0.09351145 0.09356362 0.10544828]\n",
      " [0.10993284 0.10838774 0.09672301 0.09681547 0.10886435 0.10196905\n",
      "  0.09269558 0.09100232 0.1028915  0.09071819]\n",
      " [0.1070055  0.09747253 0.09712484 0.1018072  0.10483088 0.086067\n",
      "  0.10358619 0.09602642 0.10874545 0.09733407]\n",
      " [0.12306698 0.10380276 0.08956488 0.1008768  0.08949574 0.08940136\n",
      "  0.08997933 0.1070073  0.09910578 0.10769902]\n",
      " [0.11069033 0.09700659 0.08144693 0.10604697 0.1102566  0.09515543\n",
      "  0.09057991 0.10390108 0.11291422 0.09200189]\n",
      " [0.11225066 0.09339926 0.08181415 0.10972518 0.09542957 0.0864119\n",
      "  0.10782716 0.0982987  0.11495741 0.09988604]\n",
      " [0.11681963 0.10252789 0.09532993 0.1148261  0.07948159 0.09300805\n",
      "  0.09667452 0.09838459 0.10111484 0.1018329 ]\n",
      " [0.11648011 0.08974898 0.08420362 0.0972109  0.09613817 0.09636971\n",
      "  0.10203207 0.10741729 0.10003842 0.1103607 ]\n",
      " [0.11792016 0.09558807 0.0908858  0.10746782 0.11294558 0.09237774\n",
      "  0.08629395 0.09779815 0.10078314 0.09793963]\n",
      " [0.10960027 0.08708546 0.0978562  0.10757966 0.11685307 0.08936245\n",
      "  0.08260805 0.09109775 0.10734287 0.11061426]\n",
      " [0.12016643 0.09408508 0.08077673 0.09400756 0.09990183 0.09366809\n",
      "  0.10453224 0.09996179 0.10486593 0.10803431]\n",
      " [0.10325685 0.08931198 0.09732173 0.09997062 0.10335444 0.08687189\n",
      "  0.09136207 0.10130454 0.11061398 0.1166319 ]\n",
      " [0.11653345 0.10229637 0.09501478 0.09691113 0.09579576 0.09788532\n",
      "  0.10020065 0.09545939 0.09737994 0.10252333]\n",
      " [0.1204941  0.08777663 0.08880126 0.10127487 0.1030111  0.09375589\n",
      "  0.09570689 0.09854187 0.11374763 0.09688976]\n",
      " [0.12359309 0.09340313 0.08491875 0.1007457  0.09506287 0.09972643\n",
      "  0.11508279 0.0929056  0.09859721 0.09596451]\n",
      " [0.1274129  0.08844237 0.09957812 0.11393768 0.08951406 0.08065395\n",
      "  0.09340383 0.08937566 0.13252418 0.08515719]\n",
      " [0.1371099  0.08448437 0.09511691 0.10751966 0.08483942 0.10066734\n",
      "  0.08930021 0.09796981 0.09535106 0.10764131]\n",
      " [0.11530876 0.08528166 0.09164999 0.09405853 0.09334313 0.09222855\n",
      "  0.11003877 0.0954259  0.12203591 0.10062873]\n",
      " [0.12639894 0.09971567 0.09768614 0.09903865 0.08716446 0.09642787\n",
      "  0.10509592 0.09358655 0.09599905 0.09888671]] (7.204 sec)\n"
     ]
    },
    {
     "name": "stdout",
     "output_type": "stream",
     "text": [
      "INFO:tensorflow:global_step/sec: 7.08238\n",
      "INFO:tensorflow:probabilities = [[0.13073651 0.09622256 0.09937695 0.10717025 0.09350751 0.09113389\n",
      "  0.09469001 0.09929944 0.09312441 0.09473842]\n",
      " [0.11416133 0.10585135 0.08823209 0.11009856 0.09049721 0.09759562\n",
      "  0.09578864 0.09903675 0.10597343 0.09276506]\n",
      " [0.11787925 0.08000799 0.09262828 0.1135538  0.10695499 0.08689941\n",
      "  0.10949484 0.09797826 0.0865171  0.10808613]\n",
      " [0.11441637 0.10410795 0.09690499 0.09432352 0.10597273 0.0913074\n",
      "  0.10248063 0.09266302 0.09419162 0.10363182]\n",
      " [0.1089044  0.09502347 0.0959097  0.09860328 0.09844458 0.09648969\n",
      "  0.09701302 0.10747945 0.1074687  0.0946637 ]\n",
      " [0.11674965 0.08499805 0.09835609 0.10523709 0.10753509 0.08767211\n",
      "  0.09389272 0.10657606 0.09923761 0.09974566]\n",
      " [0.14018555 0.09275279 0.09011047 0.11728367 0.07799903 0.08232873\n",
      "  0.10518269 0.09616263 0.08912965 0.1088648 ]\n",
      " [0.11864782 0.08732912 0.08831594 0.10255068 0.09674554 0.09163418\n",
      "  0.1090757  0.09978427 0.10374291 0.10217388]\n",
      " [0.11008149 0.09311383 0.1049592  0.10861596 0.11152355 0.09500422\n",
      "  0.08900724 0.09452034 0.09238504 0.10078913]\n",
      " [0.13416308 0.09463955 0.0945427  0.09916369 0.10345674 0.0917666\n",
      "  0.0929307  0.1005717  0.10590265 0.08286255]\n",
      " [0.11585578 0.07665884 0.09271131 0.10597834 0.09974759 0.10292187\n",
      "  0.08648947 0.09944967 0.1115532  0.10863394]\n",
      " [0.12040171 0.08478398 0.08785743 0.09086945 0.10243557 0.08269368\n",
